#{"t_start": 1582745967.4781902, "env_id": "FetchPush-v1"}
s,r,l,t
,-50.0,50,5.860694
,-50.0,50,7.717372
,-50.0,50,9.323939
,-50.0,50,10.921425
,0.0,50,12.568107
,-50.0,50,14.14869
,-50.0,50,15.803612
,-50.0,50,17.422007
,-50.0,50,19.022281
,-50.0,50,20.654901
,0.0,50,22.291187
,-50.0,50,23.882618
,-50.0,50,25.509279
,-50.0,50,27.100907
,-50.0,50,28.708706
,-50.0,50,30.350161
,-50.0,50,31.988492
,-50.0,50,33.560143
,-50.0,50,35.1945
,-50.0,50,36.833035
,-50.0,50,38.451143
,-50.0,50,40.111815
,-50.0,50,41.734632
,-50.0,50,43.327813
,-50.0,50,44.941859
,-50.0,50,46.557977
,-50.0,50,48.178656
,-50.0,50,49.75868
,-50.0,50,51.384772
,-50.0,50,53.037308
,-50.0,50,54.67312
,-50.0,50,56.249579
,-50.0,50,57.927241
,-50.0,50,59.519667
,-50.0,50,61.143137
,-50.0,50,62.770266
,-50.0,50,64.384498
,-50.0,50,65.977588
,-50.0,50,67.635946
,-50.0,50,69.25995
,-50.0,50,70.869946
,-50.0,50,72.474688
,-50.0,50,74.100013
,-50.0,50,75.699065
,-50.0,50,77.314703
,-50.0,50,78.91234
,-50.0,50,80.582906
,-50.0,50,82.173098
,-50.0,50,83.761775
,-50.0,50,85.364066
,-50.0,50,87.041611
,-50.0,50,87.288125
,-50.0,50,87.537884
,-50.0,50,87.801786
,-50.0,50,88.063639
,-50.0,50,88.340411
,-50.0,50,88.612423
,-50.0,50,88.90075
,-50.0,50,89.209273
,-50.0,50,89.471243
,-50.0,50,89.974822
,-50.0,50,91.584553
,0.0,50,93.215289
,-50.0,50,94.825451
,-50.0,50,96.465425
,-50.0,50,98.059852
,-50.0,50,99.669608
,-50.0,50,101.298074
,-50.0,50,102.905731
,-50.0,50,104.525368
,-50.0,50,106.131724
,-50.0,50,107.743526
,-50.0,50,109.356854
,-50.0,50,110.97225
,-50.0,50,112.592822
,-50.0,50,114.176306
,-50.0,50,115.844548
,-50.0,50,117.443167
,-50.0,50,119.069899
,-50.0,50,120.704545
,-50.0,50,122.308215
,-50.0,50,123.921921
,-50.0,50,125.575575
,-50.0,50,127.209958
,-50.0,50,128.809975
,-50.0,50,130.453408
,-50.0,50,132.06706
,-50.0,50,133.652413
,-50.0,50,135.272853
,-50.0,50,136.888811
,-50.0,50,138.514167
,0.0,50,140.141193
,-50.0,50,141.744843
,-50.0,50,143.382175
,-50.0,50,145.024062
,-50.0,50,146.614845
,-50.0,50,148.263745
,-50.0,50,149.899879
,0.0,50,151.486952
,-50.0,50,153.121536
,0.0,50,154.747614
,-50.0,50,156.370103
,-50.0,50,157.953315
,0.0,50,159.637462
,-50.0,50,161.246034
,-50.0,50,162.878908
,-50.0,50,164.470483
,-50.0,50,166.09474
,-50.0,50,167.75783
,-50.0,50,169.348706
,-50.0,50,171.047407
,-50.0,50,171.309234
,0.0,50,171.594001
,-50.0,50,171.872039
,-50.0,50,172.12799
,-50.0,50,172.389419
,-50.0,50,172.655451
,-50.0,50,172.937054
,-50.0,50,173.20051
,-50.0,50,173.462981
,-50.0,50,173.854466
,-50.0,50,175.495929
,-50.0,50,177.118662
,-50.0,50,178.751045
,-50.0,50,180.369593
,-50.0,50,181.967748
,-50.0,50,183.616612
,-50.0,50,185.248334
,-50.0,50,186.855042
,-50.0,50,188.500075
,-50.0,50,190.103506
,-50.0,50,191.750328
,-50.0,50,193.348552
,-50.0,50,195.000506
,0.0,50,196.62455
,-50.0,50,198.204154
,-50.0,50,199.857938
,-50.0,50,201.476707
,-50.0,50,203.159122
,-50.0,50,204.768361
,-50.0,50,206.372678
,-50.0,50,208.02192
,-50.0,50,209.607233
,-50.0,50,211.263685
,-50.0,50,212.87764
,-50.0,50,214.530347
,-50.0,50,216.144127
,-50.0,50,217.760818
,-50.0,50,219.384363
,-50.0,50,221.030142
,-50.0,50,222.656381
,0.0,50,224.304816
,-50.0,50,225.905561
,-50.0,50,227.521014
,-50.0,50,229.129813
,-50.0,50,230.750648
,-50.0,50,232.383909
,-50.0,50,233.985284
,-50.0,50,235.674608
,-50.0,50,237.272963
,-50.0,50,238.907916
,-50.0,50,240.544299
,-50.0,50,242.215956
,-50.0,50,243.832996
,-50.0,50,245.444157
,-50.0,50,247.073643
,-50.0,50,248.747841
,-50.0,50,250.337576
,-50.0,50,251.979748
,-50.0,50,253.635021
,-50.0,50,255.294509
,-50.0,50,255.561395
,-50.0,50,255.902942
,-50.0,50,256.207682
,-50.0,50,256.506845
,-50.0,50,256.81078
,-50.0,50,257.06838
,-50.0,50,257.356297
,-50.0,50,257.67737
,-50.0,50,257.943579
,-50.0,50,258.217268
,-50.0,50,259.832298
,-50.0,50,261.485795
,-50.0,50,263.099159
,-50.0,50,264.746026
,-50.0,50,266.348192
,-50.0,50,268.047692
,-50.0,50,269.632759
,-50.0,50,271.281571
,-50.0,50,272.922644
,-50.0,50,274.525867
,-50.0,50,276.155125
,-50.0,50,277.763348
,-50.0,50,279.408025
,-50.0,50,281.062713
,-50.0,50,282.675772
,-50.0,50,284.292017
,-50.0,50,285.910684
,-50.0,50,287.533869
,-50.0,50,289.190046
,-50.0,50,290.850918
,-50.0,50,292.464742
,-50.0,50,294.086849
,-50.0,50,295.719554
,-50.0,50,297.372604
,-50.0,50,299.013554
,-50.0,50,300.600451
,-50.0,50,302.24601
,-50.0,50,303.897422
,-50.0,50,305.525303
,-50.0,50,307.112056
,-50.0,50,308.751523
,-34.0,50,310.375951
,-50.0,50,312.011343
,-50.0,50,313.646918
,-50.0,50,315.291737
,-50.0,50,316.930344
,-50.0,50,318.539043
,0.0,50,320.195576
,-39.0,50,321.824424
,0.0,50,323.450127
,-50.0,50,325.079556
,-50.0,50,326.715219
,-50.0,50,328.373133
,-50.0,50,330.009179
,-50.0,50,331.655404
,-50.0,50,333.278959
,-50.0,50,334.93793
,-50.0,50,336.561867
,-50.0,50,338.173619
,-50.0,50,339.811898
,-50.0,50,340.092764
,-50.0,50,340.361164
,-50.0,50,340.640591
,-50.0,50,340.936434
,-28.0,50,341.231142
,-50.0,50,341.50647
,-50.0,50,341.793167
,-50.0,50,342.077841
,-50.0,50,342.348036
,-50.0,50,342.666966
,-50.0,50,344.339282
,-50.0,50,345.921135
,-50.0,50,347.598201
,-27.0,50,349.195385
,-50.0,50,350.847526
,-50.0,50,352.478195
,-50.0,50,354.102643
,-50.0,50,355.74669
,-50.0,50,357.378037
,-50.0,50,358.98631
,-50.0,50,360.612882
,-50.0,50,362.245477
,-50.0,50,363.866887
,-50.0,50,365.517278
,-50.0,50,367.104995
,-17.0,50,368.776886
,-50.0,50,370.404756
,-50.0,50,372.060098
,-38.0,50,373.684748
,-50.0,50,375.291592
,-50.0,50,376.971743
,-50.0,50,378.611733
,-50.0,50,380.279984
,-50.0,50,381.866903
,-50.0,50,383.53726
,-50.0,50,385.182751
,-50.0,50,386.800213
,-50.0,50,388.433581
,-50.0,50,390.104114
,0.0,50,391.715132
,-50.0,50,393.359876
,-50.0,50,395.052875
,-50.0,50,396.687355
,-49.0,50,398.285784
,-50.0,50,399.922719
,-50.0,50,401.608624
,-50.0,50,403.217161
,-50.0,50,404.896331
,-50.0,50,406.529527
,-50.0,50,408.163887
,-50.0,50,409.796399
,-50.0,50,411.473471
,-50.0,50,413.119015
,-50.0,50,414.724063
,-31.0,50,416.365314
,-50.0,50,418.012759
,0.0,50,419.653892
,-50.0,50,421.268483
,0.0,50,422.906911
,-50.0,50,424.549064
,-46.0,50,424.828194
,-40.0,50,425.083694
,-50.0,50,425.38317
,-50.0,50,425.668425
,-50.0,50,425.950226
,-13.0,50,426.232458
,-50.0,50,426.54461
,-50.0,50,426.827014
,-50.0,50,427.120193
,-50.0,50,427.470892
,-50.0,50,429.084139
,-50.0,50,430.698085
,-50.0,50,432.334317
,-50.0,50,433.97437
,-50.0,50,435.628988
,-14.0,50,437.253757
,-50.0,50,438.834953
,-50.0,50,440.526144
,-50.0,50,442.133065
,-50.0,50,443.792017
,0.0,50,445.393201
,-50.0,50,447.042247
,-50.0,50,448.709278
,-50.0,50,450.375695
,-50.0,50,452.009034
,-50.0,50,453.704159
,-50.0,50,455.342295
,-50.0,50,456.944398
,-33.0,50,458.614294
,-50.0,50,460.225794
,-50.0,50,461.884593
,-30.0,50,463.521162
,-50.0,50,465.177687
,-50.0,50,466.816315
,-50.0,50,468.417145
,-50.0,50,470.065508
,-50.0,50,471.701269
,-50.0,50,473.362755
,-50.0,50,475.004011
,-50.0,50,476.589263
,-50.0,50,478.283561
,-50.0,50,479.880385
,-11.0,50,481.520919
,-50.0,50,483.191191
,-4.0,50,484.858249
,-50.0,50,486.467773
,-30.0,50,488.107057
,-50.0,50,489.743992
,-50.0,50,491.431345
,-6.0,50,493.068013
,-50.0,50,494.66156
,-19.0,50,496.304628
,-13.0,50,497.986768
,-50.0,50,499.580589
,-50.0,50,501.268094
,-50.0,50,502.878943
,-50.0,50,504.531287
,-50.0,50,506.166094
,-18.0,50,507.76876
,-50.0,50,509.450305
,-50.0,50,509.753523
,0.0,50,510.030829
,-50.0,50,510.320482
,-12.0,50,510.584876
,-11.0,50,510.882662
,-50.0,50,511.177896
,-50.0,50,511.43268
,-50.0,50,511.691059
,0.0,50,511.999225
,-13.0,50,512.333567
,-50.0,50,513.975661
,-50.0,50,515.632766
,-50.0,50,517.292669
,-50.0,50,518.886742
,0.0,50,520.509497
,-50.0,50,522.208523
,0.0,50,523.814004
,-50.0,50,525.464949
,-50.0,50,527.151728
,-50.0,50,528.789313
,-50.0,50,530.445853
,-50.0,50,532.094809
,-50.0,50,533.745319
,-32.0,50,535.370179
,-19.0,50,537.009417
,-10.0,50,538.685761
,-15.0,50,540.350774
,0.0,50,541.973416
,-27.0,50,543.625386
,-50.0,50,545.282576
,-50.0,50,546.935243
,-50.0,50,548.572619
,-50.0,50,550.209376
,-50.0,50,551.805728
,-32.0,50,553.476382
,-50.0,50,555.160259
,-31.0,50,556.784708
,-50.0,50,558.407628
,-50.0,50,560.056135
,-50.0,50,561.72485
,-16.0,50,563.333848
,-50.0,50,565.036734
,-50.0,50,566.662895
,-22.0,50,568.284824
,-50.0,50,569.90625
,-50.0,50,571.591879
,-50.0,50,573.208471
,-36.0,50,574.8663
,0.0,50,576.470145
,-9.0,50,578.127782
,-50.0,50,579.812883
,-50.0,50,581.443699
,-50.0,50,583.079862
,-50.0,50,584.761206
,-50.0,50,586.411558
,-50.0,50,588.008801
,-50.0,50,589.63509
,-50.0,50,591.300048
,-50.0,50,592.886921
,-50.0,50,594.604088
,-50.0,50,594.878558
,-36.0,50,595.166791
,0.0,50,595.479964
,-11.0,50,595.780169
,-10.0,50,596.067907
,-8.0,50,596.321097
,-48.0,50,596.583793
,-36.0,50,596.846175
,-11.0,50,597.162881
,-44.0,50,597.421521
,-50.0,50,599.099033
,-12.0,50,600.722448
,-28.0,50,602.397326
,-50.0,50,604.065748
,-50.0,50,605.663499
,-50.0,50,607.316055
,-50.0,50,608.976753
,-9.0,50,610.657924
,-50.0,50,612.294165
,-50.0,50,613.924628
,-9.0,50,615.615624
,-50.0,50,617.217578
,-50.0,50,618.87148
,-48.0,50,620.534683
,-14.0,50,622.146678
,-50.0,50,623.798876
,-13.0,50,625.433553
,-43.0,50,627.059202
,-44.0,50,628.721419
,-28.0,50,630.351256
,-16.0,50,631.972095
,-13.0,50,633.617004
,-50.0,50,635.300979
,-46.0,50,636.904119
,-50.0,50,638.575072
,-23.0,50,640.230201
,-11.0,50,641.878586
,-39.0,50,643.535069
,-50.0,50,645.207386
,0.0,50,646.818605
,-19.0,50,648.504058
,-42.0,50,650.157495
,-27.0,50,651.820213
,-45.0,50,653.414258
,-41.0,50,655.076682
,-31.0,50,656.741687
,-12.0,50,658.362034
,-17.0,50,660.018879
,-50.0,50,661.64234
,-16.0,50,663.285554
,-12.0,50,664.921401
,-8.0,50,666.550139
,-50.0,50,668.205867
,-50.0,50,669.855013
,-50.0,50,671.496969
,-48.0,50,673.151285
,-50.0,50,674.770841
,-30.0,50,676.417151
,-47.0,50,678.062002
,-50.0,50,679.701497
,-19.0,50,679.969609
,-50.0,50,680.26199
,-50.0,50,680.561415
,-50.0,50,680.850869
,-10.0,50,681.138338
,-50.0,50,681.415602
,-50.0,50,681.724106
,-12.0,50,682.008877
,-50.0,50,682.287008
,-28.0,50,682.595272
,-33.0,50,684.238519
,-42.0,50,685.921308
,0.0,50,687.551884
,-29.0,50,689.231705
,-19.0,50,690.88889
,-16.0,50,692.536717
,-50.0,50,694.164281
,-24.0,50,695.835717
,-29.0,50,697.462428
,-18.0,50,699.090038
,-50.0,50,700.771925
,-37.0,50,702.423346
,0.0,50,704.04448
,-20.0,50,705.695385
,-13.0,50,707.33012
,-15.0,50,708.948231
,-43.0,50,710.586518
,-17.0,50,712.252534
,-18.0,50,713.840208
,-50.0,50,715.560182
,-20.0,50,717.156648
,-21.0,50,718.826778
,-50.0,50,720.473246
,-47.0,50,722.08847
,-49.0,50,723.751223
,-12.0,50,725.410833
,-50.0,50,727.055176
,-16.0,50,728.720876
,-32.0,50,730.423983
,-24.0,50,732.052302
,-35.0,50,733.714646
,-30.0,50,735.346586
,-18.0,50,737.002087
,-49.0,50,738.645402
,0.0,50,740.31191
,0.0,50,741.992519
,-16.0,50,743.617122
,-48.0,50,745.259979
,-22.0,50,746.945764
,-50.0,50,748.583648
,-6.0,50,750.199309
,-39.0,50,751.869645
,-34.0,50,753.526155
,-12.0,50,755.218271
,-12.0,50,756.854152
,-12.0,50,758.486544
,-12.0,50,760.132539
,-18.0,50,761.82947
,-13.0,50,763.452662
,-9.0,50,765.09913
,-23.0,50,765.371449
,-12.0,50,765.658746
,-17.0,50,765.921193
,-9.0,50,766.219166
,-4.0,50,766.492507
,0.0,50,766.788897
,-12.0,50,767.067998
,-13.0,50,767.349733
,-47.0,50,767.651538
,-20.0,50,767.965255
,-47.0,50,769.595885
,-31.0,50,771.268387
,-18.0,50,772.932733
,-16.0,50,774.53267
,-21.0,50,776.192625
,-47.0,50,777.85236
,-14.0,50,779.499113
,-19.0,50,781.144951
,-14.0,50,782.82702
,-50.0,50,784.481286
,-21.0,50,786.102791
,-33.0,50,787.798128
,-18.0,50,789.394637
,-13.0,50,791.097709
,0.0,50,792.729446
,0.0,50,794.366019
,0.0,50,796.042257
,-48.0,50,797.666715
,-19.0,50,799.328522
,-46.0,50,800.93792
,-28.0,50,802.624377
,-18.0,50,804.240061
,-21.0,50,805.948635
,-7.0,50,807.584307
,-17.0,50,809.264472
,-24.0,50,810.914223
,-25.0,50,812.548885
,0.0,50,814.187206
,-22.0,50,815.824194
,-32.0,50,817.489361
,-22.0,50,819.105951
,-36.0,50,820.773413
,-17.0,50,822.439045
,-50.0,50,824.085565
,-50.0,50,825.729146
,-23.0,50,827.373282
,-48.0,50,829.057179
,0.0,50,830.677442
,-12.0,50,832.354982
,-20.0,50,833.996302
,-28.0,50,835.625819
,-13.0,50,837.305478
,-20.0,50,838.96535
,-32.0,50,840.607921
,-23.0,50,842.264716
,-10.0,50,843.937388
,-41.0,50,845.580845
,-12.0,50,847.229273
,-17.0,50,848.887604
,-8.0,50,850.549914
,-5.0,50,850.820989
,-8.0,50,851.089239
,0.0,50,851.366438
,-5.0,50,851.645319
,-7.0,50,851.901386
,-9.0,50,852.191401
,-19.0,50,852.457191
,-14.0,50,852.719224
,-12.0,50,852.999525
,-26.0,50,853.43035
,-20.0,50,855.049016
,-14.0,50,856.718603
,-19.0,50,858.356779
,-10.0,50,860.000278
,-2.0,50,861.664009
,-7.0,50,863.341757
,-13.0,50,864.977933
,-46.0,50,866.604065
,-17.0,50,868.271016
,-10.0,50,869.924439
,-22.0,50,871.582068
,-49.0,50,873.222349
,-50.0,50,874.853058
,-26.0,50,876.532833
,-39.0,50,878.191414
,-10.0,50,879.870204
,-47.0,50,881.530945
,-12.0,50,883.212946
,-25.0,50,884.831638
,-20.0,50,886.548133
,-31.0,50,888.174791
,-26.0,50,889.827187
,-14.0,50,891.499116
,-18.0,50,893.117904
,-15.0,50,894.767884
,-50.0,50,896.455971
,-25.0,50,898.088096
,-13.0,50,899.755157
,-7.0,50,901.431434
,-29.0,50,903.082737
,-22.0,50,904.730478
,-13.0,50,906.342364
,-14.0,50,908.031546
,-17.0,50,909.683874
,-16.0,50,911.372146
,-25.0,50,913.003654
,-32.0,50,914.648454
,-17.0,50,916.307421
,-49.0,50,917.961459
,-27.0,50,919.638719
,-28.0,50,921.262791
,-22.0,50,922.894555
,-18.0,50,924.545604
,-11.0,50,926.224935
,-18.0,50,927.863861
,-17.0,50,929.504265
,-9.0,50,931.150606
,-14.0,50,932.806907
,0.0,50,934.431854
,-7.0,50,936.13706
,-18.0,50,936.431018
,-13.0,50,936.707409
,-11.0,50,936.976775
,-11.0,50,937.239732
,-9.0,50,937.490081
,-14.0,50,937.783395
,0.0,50,938.070173
,-12.0,50,938.34252
,-10.0,50,938.609877
,-12.0,50,938.963589
,-11.0,50,940.612216
,-15.0,50,942.300625
,-11.0,50,943.925845
,-16.0,50,945.600912
,-7.0,50,947.246459
,-10.0,50,948.909529
,-14.0,50,950.569645
,-11.0,50,952.250168
,0.0,50,953.84982
,0.0,50,955.510168
,-11.0,50,957.188427
,-18.0,50,958.800348
,-3.0,50,960.493569
,-31.0,50,962.119902
,-11.0,50,963.829267
,-7.0,50,965.475576
,-12.0,50,967.100807
,-48.0,50,968.794003
,-16.0,50,970.415746
,-30.0,50,972.12587
,-18.0,50,973.768665
,-19.0,50,975.432961
,-10.0,50,977.114743
,-2.0,50,978.724128
,-8.0,50,980.375934
,-50.0,50,982.075796
,0.0,50,983.723381
,-20.0,50,985.358497
,-11.0,50,987.082581
,0.0,50,988.696079
,-18.0,50,990.418703
,-37.0,50,992.055522
,-13.0,50,993.731944
,0.0,50,995.341162
,-37.0,50,997.042668
,-50.0,50,998.712185
,-17.0,50,1000.339592
,-7.0,50,1002.017091
,-12.0,50,1003.66853
,-25.0,50,1005.342345
,-22.0,50,1007.021125
,-17.0,50,1008.647849
,-23.0,50,1010.329087
,-50.0,50,1011.953315
,-12.0,50,1013.610197
,-9.0,50,1015.280724
,-17.0,50,1016.940875
,-21.0,50,1018.60579
,-18.0,50,1020.266333
,-13.0,50,1021.93137
,-10.0,50,1022.186292
,-11.0,50,1022.459922
,-8.0,50,1022.734683
,-13.0,50,1023.012259
,-10.0,50,1023.315513
,-9.0,50,1023.643999
,-25.0,50,1023.902518
,-7.0,50,1024.191667
,-25.0,50,1024.470413
,-30.0,50,1024.819491
,-12.0,50,1026.488062
,-26.0,50,1028.111089
,0.0,50,1029.789477
,-26.0,50,1031.455589
,-23.0,50,1033.129873
,0.0,50,1034.764354
,-21.0,50,1036.428163
,-41.0,50,1038.084856
,-15.0,50,1039.758498
,-25.0,50,1041.375229
,-22.0,50,1043.072243
,0.0,50,1044.766158
,0.0,50,1046.425979
,-30.0,50,1048.083433
,-7.0,50,1049.72083
,-19.0,50,1051.386019
,-25.0,50,1053.037709
,-36.0,50,1054.687188
,0.0,50,1056.332414
,-10.0,50,1058.015284
,-17.0,50,1059.723383
,-28.0,50,1061.367133
,0.0,50,1063.04828
,-17.0,50,1064.704449
,-32.0,50,1066.371892
,-13.0,50,1068.043517
,-16.0,50,1069.65302
,-50.0,50,1071.358149
,-50.0,50,1072.993346
,-27.0,50,1074.680593
,-25.0,50,1076.331812
,-50.0,50,1077.982001
,-20.0,50,1079.626831
,-26.0,50,1081.278612
,-16.0,50,1082.960301
,-46.0,50,1084.594609
,-27.0,50,1086.259623
,-16.0,50,1087.941376
,-50.0,50,1089.613551
,-24.0,50,1091.250122
,-37.0,50,1092.900759
,-29.0,50,1094.600499
,-50.0,50,1096.243557
,-10.0,50,1097.929634
,-39.0,50,1099.586438
,-31.0,50,1101.227721
,-25.0,50,1102.934112
,-22.0,50,1104.597646
,-40.0,50,1106.206557
,-7.0,50,1107.918177
,-10.0,50,1108.202182
,-12.0,50,1108.449715
,-10.0,50,1108.748601
,-7.0,50,1109.014546
,-8.0,50,1109.298037
,-31.0,50,1109.571487
,0.0,50,1109.864638
,-6.0,50,1110.129229
,-17.0,50,1110.388424
,-43.0,50,1110.782965
,-30.0,50,1112.449699
,0.0,50,1114.108584
,-49.0,50,1115.794918
,-8.0,50,1117.426719
,-5.0,50,1119.094052
,-16.0,50,1120.782649
,-20.0,50,1122.399695
,-23.0,50,1124.132821
,-10.0,50,1125.770882
,-23.0,50,1127.428523
,-15.0,50,1129.100701
,0.0,50,1130.772652
,-18.0,50,1132.413534
,-15.0,50,1134.089164
,-11.0,50,1135.75879
,-10.0,50,1137.425971
,-20.0,50,1139.075835
,-38.0,50,1140.730267
,-16.0,50,1142.448291
,-25.0,50,1144.091624
,-13.0,50,1145.815711
,-38.0,50,1147.447885
,-26.0,50,1149.141279
,-5.0,50,1150.805944
,-28.0,50,1152.4784
,-32.0,50,1154.130678
,-50.0,50,1155.797455
,-25.0,50,1157.478133
,0.0,50,1159.117619
,-40.0,50,1160.775862
,-13.0,50,1162.462845
,-27.0,50,1164.078345
,-16.0,50,1165.724261
,-18.0,50,1167.40164
,-11.0,50,1169.062811
,-19.0,50,1170.726287
,-39.0,50,1172.368018
,-8.0,50,1174.074381
,-15.0,50,1175.724679
,-31.0,50,1177.430779
,-17.0,50,1179.049102
,-20.0,50,1180.741348
,-17.0,50,1182.431727
,-9.0,50,1184.06562
,-20.0,50,1185.749103
,-6.0,50,1187.372342
,0.0,50,1189.054087
,-6.0,50,1190.705401
,-20.0,50,1192.375475
,-7.0,50,1194.045431
,-11.0,50,1194.30914
,0.0,50,1194.583244
,-10.0,50,1194.877971
,-7.0,50,1195.149795
,-13.0,50,1195.410514
,-10.0,50,1195.676099
,0.0,50,1195.951296
,-5.0,50,1196.217215
,-18.0,50,1196.497238
,-28.0,50,1196.893285
,-33.0,50,1198.574999
,-50.0,50,1200.219576
,-50.0,50,1201.85497
,-14.0,50,1203.544451
,-12.0,50,1205.275127
,-16.0,50,1206.91017
,0.0,50,1208.58431
,-32.0,50,1210.224002
,-12.0,50,1211.910497
,-10.0,50,1213.575027
,-9.0,50,1215.270369
,0.0,50,1216.909109
,-21.0,50,1218.59317
,-22.0,50,1220.219232
,-19.0,50,1221.929073
,-8.0,50,1223.571001
,-12.0,50,1225.260026
,-17.0,50,1226.896126
,-26.0,50,1228.609281
,0.0,50,1230.242639
,-20.0,50,1231.912107
,-19.0,50,1233.594704
,-14.0,50,1235.24474
,-25.0,50,1236.93575
,-25.0,50,1238.578501
,-8.0,50,1240.239046
,-32.0,50,1241.900597
,0.0,50,1243.531711
,-8.0,50,1245.226179
,-9.0,50,1246.88881
,-8.0,50,1248.54696
,-28.0,50,1250.246081
,-48.0,50,1251.887538
,-17.0,50,1253.549893
,-26.0,50,1255.251914
,-31.0,50,1256.944436
,-8.0,50,1258.606779
,-14.0,50,1260.279008
,-42.0,50,1261.957059
,-46.0,50,1263.672362
,-19.0,50,1265.32016
,-48.0,50,1266.962421
,-20.0,50,1268.613752
,-9.0,50,1270.334864
,-45.0,50,1272.00994
,-26.0,50,1273.678773
,-34.0,50,1275.370689
,-15.0,50,1277.039401
,-28.0,50,1278.679243
,-6.0,50,1280.355185
,-11.0,50,1280.622303
,-9.0,50,1280.88981
,0.0,50,1281.178902
,-13.0,50,1281.45151
,-10.0,50,1281.728521
,-23.0,50,1281.984398
,-14.0,50,1282.267537
,-13.0,50,1282.549165
,-13.0,50,1282.809703
,-14.0,50,1283.267912
,-21.0,50,1284.906706
,-44.0,50,1286.569576
,-16.0,50,1288.266737
,-13.0,50,1289.922451
,-12.0,50,1291.637803
,-12.0,50,1293.274592
,-23.0,50,1294.986227
,-47.0,50,1296.638863
,0.0,50,1298.270972
,-35.0,50,1299.951775
,-32.0,50,1301.637242
,-21.0,50,1303.276752
,-13.0,50,1304.956792
,-35.0,50,1306.681735
,-50.0,50,1308.308996
,-12.0,50,1310.011834
,-33.0,50,1311.690958
,-45.0,50,1313.34255
,0.0,50,1315.036052
,-25.0,50,1316.715348
,-17.0,50,1318.357881
,-45.0,50,1320.021038
,-25.0,50,1321.717072
,-33.0,50,1323.364071
,-11.0,50,1325.075421
,-17.0,50,1326.761692
,-38.0,50,1328.428802
,-46.0,50,1330.073814
,-20.0,50,1331.758565
,-12.0,50,1333.440739
,-26.0,50,1335.104277
,-12.0,50,1336.786508
,-3.0,50,1338.477273
,-19.0,50,1340.124816
,-19.0,50,1341.815609
,0.0,50,1343.511786
,-9.0,50,1345.154486
,-19.0,50,1346.835037
,-18.0,50,1348.548922
,-16.0,50,1350.200589
,-24.0,50,1351.884641
,-18.0,50,1353.563022
,-28.0,50,1355.279458
,-16.0,50,1356.894503
,-10.0,50,1358.594112
,-43.0,50,1360.295413
,-10.0,50,1361.997723
,-6.0,50,1363.64064
,-25.0,50,1365.298596
,-9.0,50,1367.040499
,-11.0,50,1367.326231
,-11.0,50,1367.581244
,-23.0,50,1367.862898
,-8.0,50,1368.138813
,-8.0,50,1368.416305
,-10.0,50,1368.694127
,-14.0,50,1368.965267
,-14.0,50,1369.22741
,-15.0,50,1369.511294
,-30.0,50,1369.86908
,-19.0,50,1371.55351
,-35.0,50,1373.264935
,-23.0,50,1374.945855
,-7.0,50,1376.607465
,-21.0,50,1378.290238
,-19.0,50,1379.971658
,-31.0,50,1381.635459
,-23.0,50,1383.304174
,-6.0,50,1384.995442
,-17.0,50,1386.653267
,-42.0,50,1388.354551
,-12.0,50,1390.02305
,-36.0,50,1391.673635
,-14.0,50,1393.360493
,-20.0,50,1395.033458
,-20.0,50,1396.723659
,-24.0,50,1398.394974
,-18.0,50,1400.064864
,-19.0,50,1401.772702
,-12.0,50,1403.467498
,-9.0,50,1405.150191
,-18.0,50,1406.832842
,-11.0,50,1408.552727
,-12.0,50,1410.215222
,-13.0,50,1411.91556
,0.0,50,1413.541686
,-19.0,50,1415.264638
,-15.0,50,1416.956779
,-9.0,50,1418.610995
,-8.0,50,1420.327418
,-8.0,50,1422.005743
,-13.0,50,1423.681709
,-11.0,50,1425.370436
,-28.0,50,1427.095793
,-50.0,50,1428.762425
,-31.0,50,1430.441617
,-19.0,50,1432.082001
,-23.0,50,1433.75496
,-32.0,50,1435.462029
,-19.0,50,1437.122958
,-11.0,50,1438.865244
,-16.0,50,1440.529449
,-19.0,50,1442.181397
,-7.0,50,1443.87332
,-15.0,50,1445.559011
,-13.0,50,1447.252891
,-4.0,50,1448.923554
,0.0,50,1450.580778
,-8.0,50,1452.255773
,-7.0,50,1454.006317
,-21.0,50,1454.265939
,-5.0,50,1454.528761
,-15.0,50,1454.81174
,-20.0,50,1455.09921
,-7.0,50,1455.37897
,-9.0,50,1455.648634
,-12.0,50,1455.950277
,-8.0,50,1456.246691
,-12.0,50,1456.502337
,-38.0,50,1456.772761
,-28.0,50,1458.472058
,-14.0,50,1460.117832
,-24.0,50,1461.789818
,-18.0,50,1463.496184
,-15.0,50,1465.159513
,-11.0,50,1466.880958
,-28.0,50,1468.551852
,-19.0,50,1470.23257
,-33.0,50,1471.90818
,-20.0,50,1473.611091
,-47.0,50,1475.271245
,-21.0,50,1476.966902
,-17.0,50,1478.636854
,-14.0,50,1480.31119
,-20.0,50,1482.015159
,-18.0,50,1483.698845
,-13.0,50,1485.362184
,-16.0,50,1487.044419
,-44.0,50,1488.761814
,-9.0,50,1490.411041
,-15.0,50,1492.11223
,-10.0,50,1493.758044
,-12.0,50,1495.456074
,-45.0,50,1497.102083
,-13.0,50,1498.7933
,-8.0,50,1500.480039
,-39.0,50,1502.153425
,-9.0,50,1503.865086
,-35.0,50,1505.565493
,-18.0,50,1507.200483
,-14.0,50,1508.924025
,-31.0,50,1510.583166
,-8.0,50,1512.279103
,-20.0,50,1513.980704
,-12.0,50,1515.647325
,-7.0,50,1517.327836
,-22.0,50,1518.986501
,-44.0,50,1520.713539
,-24.0,50,1522.397385
,-27.0,50,1524.094422
,-14.0,50,1525.74882
,-9.0,50,1527.475964
,-10.0,50,1529.176456
,-25.0,50,1530.870483
,0.0,50,1532.552727
,-12.0,50,1534.272416
,-34.0,50,1536.000037
,-14.0,50,1537.659587
,-14.0,50,1539.341341
,-9.0,50,1541.057583
,-14.0,50,1541.327576
,-12.0,50,1541.602503
,-3.0,50,1541.898945
,-8.0,50,1542.177903
,-7.0,50,1542.450471
,-10.0,50,1542.731009
,0.0,50,1543.032805
,-13.0,50,1543.315532
,-6.0,50,1543.591347
,-18.0,50,1543.926926
,-15.0,50,1545.587581
,-19.0,50,1547.313786
,-24.0,50,1548.94963
,0.0,50,1550.619969
,0.0,50,1552.346816
,-10.0,50,1553.997912
,-20.0,50,1555.682182
,0.0,50,1557.386365
,-4.0,50,1559.056966
,-9.0,50,1560.786069
,-15.0,50,1562.444975
,-25.0,50,1564.16324
,-10.0,50,1565.875921
,-25.0,50,1567.570171
,0.0,50,1569.204925
,-11.0,50,1570.932022
,-38.0,50,1572.626498
,-5.0,50,1574.284748
,-7.0,50,1575.96515
,-18.0,50,1577.678653
,-36.0,50,1579.354137
,-26.0,50,1581.021264
,-11.0,50,1582.721879
,-13.0,50,1584.388355
,0.0,50,1586.07437
,-20.0,50,1587.796016
,-16.0,50,1589.431205
,-12.0,50,1591.153472
,-50.0,50,1592.816883
,-10.0,50,1594.556045
,-16.0,50,1596.263183
,-14.0,50,1597.888473
,-13.0,50,1599.652408
,-13.0,50,1601.355272
,0.0,50,1603.002715
,-16.0,50,1604.74599
,-14.0,50,1606.438819
,0.0,50,1608.140496
,-28.0,50,1609.829572
,-19.0,50,1611.524736
,-22.0,50,1613.173073
,-15.0,50,1614.866302
,-15.0,50,1616.57087
,-18.0,50,1618.259491
,-21.0,50,1619.954461
,-21.0,50,1621.614657
,-43.0,50,1623.295422
,-8.0,50,1625.043413
,-16.0,50,1626.715014
,-13.0,50,1628.427513
,-7.0,50,1628.729332
,-10.0,50,1629.008408
,-16.0,50,1629.264579
,-12.0,50,1629.535318
,-6.0,50,1629.812378
,-20.0,50,1630.099673
,-12.0,50,1630.393453
,-12.0,50,1630.659582
,-11.0,50,1630.918607
,-14.0,50,1631.245439
,-39.0,50,1632.938165
,-16.0,50,1634.607318
,-13.0,50,1636.266967
,-34.0,50,1637.959916
,-14.0,50,1639.676783
,-12.0,50,1641.37305
,-49.0,50,1643.050207
,-50.0,50,1644.740616
,-25.0,50,1646.420025
,-48.0,50,1648.182419
,-32.0,50,1649.858711
,-15.0,50,1651.541217
,-20.0,50,1653.240759
,-21.0,50,1654.887039
,-32.0,50,1656.58195
,-18.0,50,1658.287786
,-30.0,50,1659.967409
,-26.0,50,1661.658007
,-7.0,50,1663.412174
,-18.0,50,1665.080247
,-20.0,50,1666.774175
,-12.0,50,1668.444766
,-46.0,50,1670.158287
,-11.0,50,1671.854686
,0.0,50,1673.575243
,-33.0,50,1675.280374
,-18.0,50,1676.961473
,-11.0,50,1678.643426
,-28.0,50,1680.355104
,-24.0,50,1682.077083
,-5.0,50,1683.767915
,-39.0,50,1685.467744
,-13.0,50,1687.174533
,-10.0,50,1688.852727
,-11.0,50,1690.573543
,-19.0,50,1692.221172
,0.0,50,1693.945978
,-13.0,50,1695.614206
,-20.0,50,1697.303339
,-10.0,50,1699.006678
,-9.0,50,1700.671416
,-38.0,50,1702.373883
,-27.0,50,1704.083997
,-8.0,50,1705.767654
,-11.0,50,1707.495604
,-16.0,50,1709.175991
,-17.0,50,1710.850901
,-34.0,50,1712.615013
,-18.0,50,1714.285561
,-12.0,50,1716.009621
,-8.0,50,1716.269643
,-9.0,50,1716.570198
,-21.0,50,1716.843981
,-12.0,50,1717.124306
,0.0,50,1717.407568
,-8.0,50,1717.681267
,-6.0,50,1717.966348
,-11.0,50,1718.23395
,-18.0,50,1718.526954
,-16.0,50,1718.799131
,-20.0,50,1720.52196
,-11.0,50,1722.2356
,-13.0,50,1723.899313
,-8.0,50,1725.629834
,-6.0,50,1727.303606
,-12.0,50,1729.0095
,-17.0,50,1730.696332
,-17.0,50,1732.444799
,-15.0,50,1734.138176
,-13.0,50,1735.783148
,-18.0,50,1737.506448
,-33.0,50,1739.23789
,-48.0,50,1740.881556
,-16.0,50,1742.586729
,-10.0,50,1744.291333
,0.0,50,1745.988778
,-12.0,50,1747.663843
,-22.0,50,1749.348511
,-22.0,50,1751.03867
,-7.0,50,1752.755761
,-46.0,50,1754.401411
,-32.0,50,1756.099613
,-17.0,50,1757.773108
,0.0,50,1759.51433
,-14.0,50,1761.167867
,-18.0,50,1762.879443
,-24.0,50,1764.548208
,-21.0,50,1766.277026
,-18.0,50,1767.973747
,-11.0,50,1769.696447
,-8.0,50,1771.349605
,-17.0,50,1773.05461
,-20.0,50,1774.752837
,-13.0,50,1776.424289
,0.0,50,1778.117947
,-26.0,50,1779.848528
,-12.0,50,1781.501356
,-6.0,50,1783.184773
,-20.0,50,1784.896138
,-50.0,50,1786.628819
,-16.0,50,1788.34251
,-8.0,50,1789.967619
,-40.0,50,1791.687075
,-7.0,50,1793.420191
,-15.0,50,1795.114379
,-18.0,50,1796.755187
,-14.0,50,1798.542268
,-18.0,50,1800.243955
,-15.0,50,1801.936009
,-10.0,50,1803.656624
,-3.0,50,1803.956613
,0.0,50,1804.23302
,-17.0,50,1804.527
,-11.0,50,1804.812556
,-9.0,50,1805.090742
,0.0,50,1805.364932
,-11.0,50,1805.622033
,-13.0,50,1805.882909
,-9.0,50,1806.205935
,-19.0,50,1806.479971
,-17.0,50,1808.168036
,-23.0,50,1809.830781
,-10.0,50,1811.549783
,-50.0,50,1813.255875
,-7.0,50,1814.933804
,0.0,50,1816.624925
,-17.0,50,1818.4022
,-13.0,50,1820.09938
,-3.0,50,1821.770905
,-30.0,50,1823.481405
,-22.0,50,1825.172428
,-50.0,50,1826.887998
,-35.0,50,1828.566721
,-10.0,50,1830.341084
,-21.0,50,1832.026793
,-17.0,50,1833.715302
,-28.0,50,1835.432447
,-20.0,50,1837.097111
,-19.0,50,1838.804271
,-11.0,50,1840.514736
,-13.0,50,1842.241925
,-16.0,50,1843.920194
,0.0,50,1845.615148
,-17.0,50,1847.348791
,-29.0,50,1849.040182
,-30.0,50,1850.784211
,-15.0,50,1852.455411
,0.0,50,1854.171828
,-32.0,50,1855.846745
,-9.0,50,1857.554631
,-17.0,50,1859.260739
,-18.0,50,1860.923984
,-13.0,50,1862.684144
,-17.0,50,1864.362517
,-32.0,50,1866.068408
,-16.0,50,1867.763188
,-23.0,50,1869.408608
,-22.0,50,1871.187709
,-11.0,50,1872.859118
,-16.0,50,1874.547975
,-31.0,50,1876.296487
,-11.0,50,1877.958758
,-33.0,50,1879.699239
,-27.0,50,1881.436443
,-28.0,50,1883.096886
,-12.0,50,1884.77221
,0.0,50,1886.474727
,-19.0,50,1888.209142
,-26.0,50,1889.899976
,-7.0,50,1891.594866
,-21.0,50,1891.889591
,-50.0,50,1892.180295
,-12.0,50,1892.457892
,-9.0,50,1892.709286
,-10.0,50,1892.974326
,-8.0,50,1893.258737
,-11.0,50,1893.516666
,-11.0,50,1893.765466
,-22.0,50,1894.059932
,-23.0,50,1894.449188
,-18.0,50,1896.124745
,-16.0,50,1897.810722
,-26.0,50,1899.483289
,-24.0,50,1901.201597
,-28.0,50,1902.926856
,-16.0,50,1904.611745
,-16.0,50,1906.315548
,-12.0,50,1907.994502
,-7.0,50,1909.72667
,-9.0,50,1911.405538
,-37.0,50,1913.133194
,-27.0,50,1914.829786
,-22.0,50,1916.572669
,-19.0,50,1918.241174
,-50.0,50,1919.933376
,-15.0,50,1921.656778
,-8.0,50,1923.385043
,-21.0,50,1925.082068
,-7.0,50,1926.734061
,-20.0,50,1928.438135
,-26.0,50,1930.189415
,-13.0,50,1931.878812
,-21.0,50,1933.572542
,-29.0,50,1935.32268
,-23.0,50,1937.074814
,-26.0,50,1938.751214
,-16.0,50,1940.437327
,-31.0,50,1942.15089
,-10.0,50,1943.877813
,-12.0,50,1945.58175
,-22.0,50,1947.291615
,-27.0,50,1949.008462
,-13.0,50,1950.753187
,-10.0,50,1952.465387
,-13.0,50,1954.137406
,0.0,50,1955.804819
,-14.0,50,1957.529592
,-31.0,50,1959.215649
,-49.0,50,1960.942105
,-20.0,50,1962.619158
,-28.0,50,1964.339454
,-21.0,50,1966.009799
,-9.0,50,1967.706521
,-9.0,50,1969.405804
,-22.0,50,1971.138711
,0.0,50,1972.796469
,-14.0,50,1974.48287
,-8.0,50,1976.234204
,-29.0,50,1977.89033
,-12.0,50,1979.593539
,-6.0,50,1979.875568
,-5.0,50,1980.142007
,-10.0,50,1980.454913
,-7.0,50,1980.728977
,-6.0,50,1980.993625
,-10.0,50,1981.281592
,-10.0,50,1981.557311
,-11.0,50,1981.82294
,-5.0,50,1982.098513
,-25.0,50,1982.450206
,-13.0,50,1984.147136
,-13.0,50,1985.880104
,-20.0,50,1987.541937
,0.0,50,1989.257251
,-26.0,50,1990.945013
,-14.0,50,1992.673274
,-16.0,50,1994.416625
,-10.0,50,1996.169798
,-9.0,50,1997.839678
,-10.0,50,1999.593786
,-20.0,50,2001.306003
,-12.0,50,2002.950555
,-26.0,50,2004.690887
,-13.0,50,2006.429775
,0.0,50,2008.141412
,-20.0,50,2009.8817
,-8.0,50,2011.58683
,-11.0,50,2013.321323
,-25.0,50,2015.011715
,-25.0,50,2016.732176
,-8.0,50,2018.422807
,-47.0,50,2020.140486
,-26.0,50,2021.906523
,-16.0,50,2023.559776
,-13.0,50,2025.289262
,-14.0,50,2026.976857
,-19.0,50,2028.662965
,-3.0,50,2030.423141
,0.0,50,2032.148774
,-14.0,50,2033.827505
,-2.0,50,2035.561643
,-26.0,50,2037.257469
,-14.0,50,2039.029951
,-25.0,50,2040.699411
,-31.0,50,2042.428456
,-14.0,50,2044.120126
,-11.0,50,2045.884883
,-25.0,50,2047.563606
,-23.0,50,2049.263222
,-9.0,50,2051.013788
,-10.0,50,2052.702394
,-15.0,50,2054.410096
,-8.0,50,2056.092494
,-18.0,50,2057.794434
,-15.0,50,2059.551325
,-17.0,50,2061.244482
,-19.0,50,2062.952368
,-7.0,50,2064.655239
,-44.0,50,2066.441703
,-13.0,50,2068.108356
,-10.0,50,2068.370827
,-9.0,50,2068.647346
,-12.0,50,2068.921861
,-11.0,50,2069.202342
,-13.0,50,2069.473198
,-8.0,50,2069.730156
,-7.0,50,2070.026898
,-7.0,50,2070.315611
,-10.0,50,2070.602791
,-15.0,50,2070.98056
,-31.0,50,2072.674336
,-33.0,50,2074.409246
,-16.0,50,2076.087577
,-24.0,50,2077.852721
,-17.0,50,2079.543489
,-11.0,50,2081.262688
,-35.0,50,2082.981045
,-21.0,50,2084.686896
,-9.0,50,2086.370355
,-9.0,50,2088.069076
,-11.0,50,2089.815788
,-30.0,50,2091.524182
,-14.0,50,2093.238572
,-22.0,50,2094.911066
,-12.0,50,2096.649143
,-31.0,50,2098.328854
,-24.0,50,2100.143914
,-19.0,50,2101.810282
,-20.0,50,2103.530879
,-17.0,50,2105.255937
,-37.0,50,2106.947551
,-16.0,50,2108.71002
,-14.0,50,2110.410908
,-21.0,50,2112.091339
,-8.0,50,2113.823918
,-19.0,50,2115.524421
,-32.0,50,2117.259725
,-50.0,50,2118.936745
,-32.0,50,2120.658966
,-20.0,50,2122.389934
,-11.0,50,2124.106671
,-15.0,50,2125.784817
,-12.0,50,2127.485218
,-36.0,50,2129.219924
,-12.0,50,2130.899047
,0.0,50,2132.671362
,-7.0,50,2134.365087
,-13.0,50,2136.133204
,-17.0,50,2137.819159
,-27.0,50,2139.549136
,-18.0,50,2141.196435
,-4.0,50,2142.916464
,-23.0,50,2144.664687
,-28.0,50,2146.328347
,-7.0,50,2148.049251
,0.0,50,2149.773059
,-12.0,50,2151.527093
,-10.0,50,2153.208739
,-20.0,50,2154.916204
,-5.0,50,2156.651963
,-13.0,50,2156.930983
,-8.0,50,2157.223531
,-10.0,50,2157.501374
,-10.0,50,2157.794115
,-9.0,50,2158.066348
,-14.0,50,2158.332223
,0.0,50,2158.579605
,-9.0,50,2158.868127
,-7.0,50,2159.143417
,-23.0,50,2159.455916
,-18.0,50,2161.192263
,-23.0,50,2162.842642
,-20.0,50,2164.609004
,-19.0,50,2166.354844
,-15.0,50,2168.033417
,-21.0,50,2169.759326
,-16.0,50,2171.444126
,-16.0,50,2173.170751
,-19.0,50,2174.907084
,-20.0,50,2176.611988
,-20.0,50,2178.31489
,-42.0,50,2180.037087
,-20.0,50,2181.796057
,-41.0,50,2183.479018
,-25.0,50,2185.198321
,-22.0,50,2186.944251
,-17.0,50,2188.640207
,-13.0,50,2190.366763
,-13.0,50,2192.059906
,-14.0,50,2193.787108
,0.0,50,2195.487821
,-12.0,50,2197.228999
,-45.0,50,2198.999518
,-7.0,50,2200.660162
,-13.0,50,2202.424229
,-18.0,50,2204.164703
,-24.0,50,2205.855261
,-14.0,50,2207.562404
,-16.0,50,2209.281081
,-20.0,50,2210.988647
,-27.0,50,2212.720443
,-50.0,50,2214.418941
,-9.0,50,2216.205801
,-34.0,50,2217.907914
,-12.0,50,2219.610891
,-16.0,50,2221.368778
,0.0,50,2223.01527
,-21.0,50,2224.792062
,-19.0,50,2226.526984
,-20.0,50,2228.194507
,-8.0,50,2229.987662
,0.0,50,2231.643893
,-11.0,50,2233.405749
,-21.0,50,2235.134573
,-20.0,50,2236.860413
,-10.0,50,2238.58724
,-33.0,50,2240.292991
,-33.0,50,2241.964692
,-24.0,50,2243.685061
,-13.0,50,2245.488561
,-5.0,50,2245.756342
,0.0,50,2246.034431
,-14.0,50,2246.307257
,0.0,50,2246.588564
,-7.0,50,2246.857872
,-14.0,50,2247.157221
,-4.0,50,2247.459416
,-8.0,50,2247.724874
,-8.0,50,2247.981789
,-13.0,50,2248.366374
,-25.0,50,2250.045502
,-8.0,50,2251.758276
,-7.0,50,2253.497115
,-12.0,50,2255.193931
,-22.0,50,2256.926384
,-20.0,50,2258.683024
,-16.0,50,2260.437254
,-16.0,50,2262.127547
,-16.0,50,2263.846295
,-15.0,50,2265.582708
,-16.0,50,2267.266313
,-35.0,50,2268.976011
,-18.0,50,2270.756374
,-11.0,50,2272.440572
,-22.0,50,2274.130742
,0.0,50,2275.921757
,-26.0,50,2277.639402
,-29.0,50,2279.377771
,-25.0,50,2281.067655
,-9.0,50,2282.813859
,-13.0,50,2284.469363
,-41.0,50,2286.249952
,-26.0,50,2287.926907
,-23.0,50,2289.662707
,-16.0,50,2291.410365
,-10.0,50,2293.093814
,-9.0,50,2294.875809
,-27.0,50,2296.607735
,0.0,50,2298.356487
,-15.0,50,2300.060844
,-34.0,50,2301.753318
,-14.0,50,2303.464999
,-35.0,50,2305.250663
,-18.0,50,2306.926494
,-19.0,50,2308.697342
,-22.0,50,2310.403043
,-8.0,50,2312.113474
,-7.0,50,2313.867871
,-39.0,50,2315.540273
,-20.0,50,2317.324914
,-24.0,50,2319.032212
,-13.0,50,2320.798568
,-14.0,50,2322.550039
,-6.0,50,2324.25159
,0.0,50,2325.990426
,-14.0,50,2327.712014
,0.0,50,2329.391464
,-9.0,50,2331.189901
,-29.0,50,2332.895778
,-8.0,50,2334.61962
,-8.0,50,2334.875368
,-10.0,50,2335.133021
,-8.0,50,2335.408331
,-10.0,50,2335.680203
,-12.0,50,2335.963098
,-10.0,50,2336.240409
,-8.0,50,2336.539129
,0.0,50,2336.837043
,-12.0,50,2337.109424
,-12.0,50,2337.462664
,-25.0,50,2339.15995
,-21.0,50,2340.868752
,-22.0,50,2342.608107
,-21.0,50,2344.306625
,-18.0,50,2346.065528
,-40.0,50,2347.787731
,-31.0,50,2349.476731
,-6.0,50,2351.207911
,-6.0,50,2352.9216
,-14.0,50,2354.653725
,-18.0,50,2356.312807
,-17.0,50,2358.044581
,0.0,50,2359.811172
,-19.0,50,2361.491454
,-17.0,50,2363.275283
,-29.0,50,2364.973116
,-25.0,50,2366.663409
,0.0,50,2368.412852
,-8.0,50,2370.109844
,-14.0,50,2371.854302
,-11.0,50,2373.56256
,-19.0,50,2375.32882
,-26.0,50,2377.004107
,-7.0,50,2378.745334
,-17.0,50,2380.523247
,-11.0,50,2382.204582
,-5.0,50,2383.981819
,0.0,50,2385.704443
,-16.0,50,2387.404794
,0.0,50,2389.087309
,-20.0,50,2390.848758
,-19.0,50,2392.575967
,-10.0,50,2394.318373
,-16.0,50,2396.07755
,-23.0,50,2397.75438
,-24.0,50,2399.519078
,-16.0,50,2401.261144
,0.0,50,2402.983456
,-12.0,50,2404.756994
,-16.0,50,2406.47684
,-17.0,50,2408.173111
,-8.0,50,2409.928097
,-8.0,50,2411.690899
,-24.0,50,2413.393621
,-28.0,50,2415.107244
,-13.0,50,2416.860609
,-7.0,50,2418.61411
,-23.0,50,2420.317646
,-23.0,50,2422.065826
,0.0,50,2423.783844
,-16.0,50,2424.065376
,-3.0,50,2424.323911
,-10.0,50,2424.603227
,-15.0,50,2424.888178
,-9.0,50,2425.181034
,-7.0,50,2425.436304
,-4.0,50,2425.706253
,-6.0,50,2425.983454
,-10.0,50,2426.264609
,-14.0,50,2426.614446
,-13.0,50,2428.316769
,-8.0,50,2430.017197
,-14.0,50,2431.82106
,0.0,50,2433.537066
,-9.0,50,2435.24144
,-15.0,50,2436.979514
,-11.0,50,2438.759823
,-26.0,50,2440.450355
,-17.0,50,2442.224642
,-26.0,50,2443.972355
,-18.0,50,2445.66494
,-15.0,50,2447.379807
,-6.0,50,2449.114213
,-13.0,50,2450.824579
,-21.0,50,2452.593621
,-11.0,50,2454.306917
,-8.0,50,2456.01874
,-14.0,50,2457.7518
,-14.0,50,2459.503833
,-12.0,50,2461.272672
,-22.0,50,2462.977009
,-19.0,50,2464.739405
,-28.0,50,2466.458242
,-33.0,50,2468.15872
,-5.0,50,2469.909149
,-4.0,50,2471.583103
,-13.0,50,2473.318188
,-15.0,50,2475.028831
,-31.0,50,2476.812092
,-20.0,50,2478.513996
,-27.0,50,2480.235716
,-16.0,50,2482.009149
,-17.0,50,2483.706924
,-29.0,50,2485.427457
,-13.0,50,2487.185759
,-18.0,50,2488.951438
,-18.0,50,2490.656162
,-20.0,50,2492.431046
,-11.0,50,2494.10479
,-17.0,50,2495.871177
,-13.0,50,2497.586668
,-15.0,50,2499.284485
,-15.0,50,2501.085723
,-12.0,50,2502.794282
,-17.0,50,2504.491955
,-50.0,50,2506.192636
,-12.0,50,2507.966449
,-17.0,50,2509.65838
,-9.0,50,2511.458729
,-9.0,50,2513.143657
,-7.0,50,2513.423901
,-8.0,50,2513.676228
,-7.0,50,2513.976595
,0.0,50,2514.249756
,-8.0,50,2514.51684
,-4.0,50,2514.787235
,-9.0,50,2515.06884
,-11.0,50,2515.336353
,-6.0,50,2515.612467
,-23.0,50,2516.040074
,-15.0,50,2517.730256
,-15.0,50,2519.45169
,-8.0,50,2521.165536
,-24.0,50,2522.940878
,0.0,50,2524.672626
,-12.0,50,2526.433898
,0.0,50,2528.161248
,-17.0,50,2529.903427
,-33.0,50,2531.658811
,-13.0,50,2533.350923
,-19.0,50,2535.076494
,-18.0,50,2536.861546
,-1.0,50,2538.580309
,-17.0,50,2540.294765
,-20.0,50,2542.052533
,-13.0,50,2543.795419
,-35.0,50,2545.522924
,-33.0,50,2547.317636
,-18.0,50,2549.040197
,-13.0,50,2550.77147
,-21.0,50,2552.501749
,-12.0,50,2554.20285
,-19.0,50,2555.928059
,-20.0,50,2557.668126
,-22.0,50,2559.415987
,0.0,50,2561.144843
,-10.0,50,2562.831662
,-9.0,50,2564.607445
,-19.0,50,2566.367605
,-37.0,50,2568.069348
,-16.0,50,2569.835674
,-50.0,50,2571.59256
,-12.0,50,2573.345756
,-18.0,50,2575.042083
,-9.0,50,2576.807584
,-14.0,50,2578.568702
,-16.0,50,2580.309761
,-35.0,50,2582.052011
,-16.0,50,2583.729298
,-26.0,50,2585.473916
,-11.0,50,2587.201087
,-14.0,50,2588.972098
,-15.0,50,2590.732784
,-7.0,50,2592.472312
,-10.0,50,2594.154943
,-22.0,50,2595.930833
,-5.0,50,2597.64094
,-14.0,50,2599.400401
,-40.0,50,2601.148936
,-10.0,50,2602.900598
,-13.0,50,2603.172643
,-6.0,50,2603.450245
,-11.0,50,2603.749182
,-50.0,50,2604.023015
,-10.0,50,2604.279763
,-9.0,50,2604.563093
,-7.0,50,2604.843115
,-6.0,50,2605.120614
,-9.0,50,2605.376865
,-15.0,50,2605.731073
,-23.0,50,2607.487853
,-10.0,50,2609.205438
,-19.0,50,2610.954445
,-37.0,50,2612.656208
,-14.0,50,2614.375157
,-18.0,50,2616.130902
,-10.0,50,2617.834563
,-43.0,50,2619.559888
,-23.0,50,2621.331534
,-13.0,50,2623.09071
,-6.0,50,2624.810192
,-25.0,50,2626.581347
,-23.0,50,2628.30576
,-13.0,50,2630.004834
,-14.0,50,2631.762072
,-23.0,50,2633.495184
,-14.0,50,2635.244293
,-11.0,50,2636.933034
,-4.0,50,2638.662819
,-24.0,50,2640.460716
,-30.0,50,2642.208372
,-12.0,50,2643.93316
,-12.0,50,2645.706216
,-5.0,50,2647.383471
,-22.0,50,2649.111342
,0.0,50,2650.889681
,-16.0,50,2652.684966
,-10.0,50,2654.375148
,-16.0,50,2656.161321
,-32.0,50,2657.899528
,-6.0,50,2659.618336
,-16.0,50,2661.384018
,-26.0,50,2663.149358
,-22.0,50,2664.842941
,-11.0,50,2666.589844
,-8.0,50,2668.329647
,-19.0,50,2670.091483
,-29.0,50,2671.818004
,-7.0,50,2673.541753
,-10.0,50,2675.23631
,-9.0,50,2677.00342
,-18.0,50,2678.726121
,-6.0,50,2680.495422
,-15.0,50,2682.203373
,-13.0,50,2683.939866
,0.0,50,2685.67418
,-28.0,50,2687.457373
,-19.0,50,2689.1981
,-24.0,50,2690.87629
,-5.0,50,2692.639943
,-10.0,50,2692.921896
,-10.0,50,2693.180089
,-8.0,50,2693.459835
,-9.0,50,2693.728409
,-13.0,50,2694.004209
,-7.0,50,2694.266597
,0.0,50,2694.550314
,-21.0,50,2694.835472
,-15.0,50,2695.124415
,-27.0,50,2695.494424
,-48.0,50,2697.228499
,-24.0,50,2698.959434
,-17.0,50,2700.693032
,-8.0,50,2702.445643
,-27.0,50,2704.186129
,-15.0,50,2705.955083
,-19.0,50,2707.677625
,-6.0,50,2709.433719
,-5.0,50,2711.224704
,-15.0,50,2712.937087
,-14.0,50,2714.756222
,-8.0,50,2716.43529
,-20.0,50,2718.178737
,-32.0,50,2719.956777
,-20.0,50,2721.698614
,-31.0,50,2723.38409
,0.0,50,2725.122233
,-9.0,50,2726.870745
,-21.0,50,2728.662727
,-26.0,50,2730.375584
,-23.0,50,2732.079845
,-14.0,50,2733.796388
,-27.0,50,2735.600475
,-18.0,50,2737.308878
,-13.0,50,2739.046601
,-6.0,50,2740.826136
,-10.0,50,2742.596738
,-18.0,50,2744.310715
,-21.0,50,2746.049123
,-22.0,50,2747.790276
,-15.0,50,2749.52159
,-11.0,50,2751.308236
,-30.0,50,2753.035195
,-16.0,50,2754.792439
,0.0,50,2756.501987
,-17.0,50,2758.230881
,-14.0,50,2760.002247
,-14.0,50,2761.754049
,-13.0,50,2763.457531
,-15.0,50,2765.198382
,-10.0,50,2766.918458
,-11.0,50,2768.672207
,-18.0,50,2770.39023
,-8.0,50,2772.160274
,-19.0,50,2773.86963
,-12.0,50,2775.652046
,-25.0,50,2777.404297
,-10.0,50,2779.10337
,-37.0,50,2780.874099
,0.0,50,2782.622122
,-27.0,50,2782.900454
,-10.0,50,2783.163433
,-9.0,50,2783.4566
,-14.0,50,2783.723295
,0.0,50,2783.990738
,-7.0,50,2784.265168
,-9.0,50,2784.548564
,-19.0,50,2784.81055
,-8.0,50,2785.071744
,-7.0,50,2785.423328
,-15.0,50,2787.163574
,-11.0,50,2788.927096
,-31.0,50,2790.67473
,-10.0,50,2792.42332
,-27.0,50,2794.195427
,0.0,50,2795.969771
,-19.0,50,2797.728005
,-50.0,50,2799.455554
,-11.0,50,2801.206075
,-17.0,50,2802.951055
,-18.0,50,2804.727304
,-17.0,50,2806.463285
,-17.0,50,2808.225258
,-16.0,50,2809.944343
,-12.0,50,2811.65859
,-23.0,50,2813.484583
,-9.0,50,2815.17848
,-12.0,50,2816.942643
,-47.0,50,2818.707191
,-47.0,50,2820.460119
,-19.0,50,2822.254433
,-32.0,50,2823.948244
,-6.0,50,2825.684993
,0.0,50,2827.466136
,-14.0,50,2829.182983
,-38.0,50,2830.948796
,-11.0,50,2832.634014
,-12.0,50,2834.394457
,-17.0,50,2836.138257
,-17.0,50,2837.90778
,-25.0,50,2839.654162
,-8.0,50,2841.378588
,-13.0,50,2843.154429
,0.0,50,2844.86493
,0.0,50,2846.609839
,-20.0,50,2848.389387
,-32.0,50,2850.08278
,-16.0,50,2851.784265
,-6.0,50,2853.528308
,-12.0,50,2855.342538
,-2.0,50,2857.053078
,-22.0,50,2858.777182
,-17.0,50,2860.544225
,-21.0,50,2862.273365
,-9.0,50,2864.062123
,-9.0,50,2865.841189
,-29.0,50,2867.59737
,-14.0,50,2869.423499
,-21.0,50,2871.124693
,-15.0,50,2872.926919
,-7.0,50,2873.232189
,-15.0,50,2873.501715
,-7.0,50,2873.789535
,-8.0,50,2874.067566
,0.0,50,2874.351799
,-7.0,50,2874.629478
,-6.0,50,2874.928549
,-15.0,50,2875.205349
,-7.0,50,2875.439247
,-12.0,50,2875.790806
,-21.0,50,2877.520758
,-19.0,50,2879.303689
,-10.0,50,2881.098844
,-10.0,50,2882.805291
,0.0,50,2884.541735
,-15.0,50,2886.287289
,-38.0,50,2888.086822
,-43.0,50,2889.81257
,-14.0,50,2891.533802
,-30.0,50,2893.276786
,-15.0,50,2895.038352
,-46.0,50,2896.838357
,-31.0,50,2898.629825
,-9.0,50,2900.366864
,-32.0,50,2902.091642
,-29.0,50,2903.89295
,-7.0,50,2905.577291
,-5.0,50,2907.395205
,-17.0,50,2909.164157
,-12.0,50,2910.895902
,-14.0,50,2912.626095
,-22.0,50,2914.347277
,-20.0,50,2916.097712
,-33.0,50,2917.85935
,-34.0,50,2919.634876
,-13.0,50,2921.362137
,-15.0,50,2923.094578
,-17.0,50,2924.848946
,-19.0,50,2926.644717
,-17.0,50,2928.333436
,-24.0,50,2930.09658
,-26.0,50,2931.846693
,-35.0,50,2933.566611
,-29.0,50,2935.316341
,-44.0,50,2937.078754
,-11.0,50,2938.801274
,-19.0,50,2940.569227
,-20.0,50,2942.354023
,-32.0,50,2944.081195
,-14.0,50,2945.880979
,-47.0,50,2947.594386
,-14.0,50,2949.367739
,-24.0,50,2951.114706
,-9.0,50,2952.848824
,-15.0,50,2954.588242
,-15.0,50,2956.418874
,-22.0,50,2958.105479
,-15.0,50,2959.860998
,-16.0,50,2961.616029
,-7.0,50,2963.366502
,-11.0,50,2963.647662
,-11.0,50,2963.952417
,-8.0,50,2964.235353
,-13.0,50,2964.49784
,-11.0,50,2964.782573
,-9.0,50,2965.0705
,-7.0,50,2965.34827
,-11.0,50,2965.641104
,0.0,50,2965.90677
,-15.0,50,2966.225309
,-8.0,50,2967.972155
,-15.0,50,2969.708565
,-22.0,50,2971.427135
,-19.0,50,2973.229158
,-29.0,50,2974.936215
,-33.0,50,2976.776443
,0.0,50,2978.494148
,-20.0,50,2980.289225
,-14.0,50,2982.0015
,-15.0,50,2983.759464
,-29.0,50,2985.488267
,-22.0,50,2987.239831
,-13.0,50,2989.000952
,0.0,50,2990.747281
,-7.0,50,2992.490467
,-20.0,50,2994.305434
,-38.0,50,2996.06043
,-7.0,50,2997.752538
,-14.0,50,2999.498326
,-10.0,50,3001.361041
,-13.0,50,3003.051062
,-40.0,50,3004.847632
,-16.0,50,3006.585249
,-17.0,50,3008.312596
,-13.0,50,3010.048527
,-8.0,50,3011.82428
,-18.0,50,3013.550761
,-16.0,50,3015.358932
,-14.0,50,3017.14522
,-13.0,50,3018.861923
,-29.0,50,3020.687058
,-20.0,50,3022.442073
,-18.0,50,3024.18012
,-13.0,50,3025.950372
,-12.0,50,3027.72233
,-15.0,50,3029.44531
,-15.0,50,3031.274445
,-20.0,50,3032.997032
,-20.0,50,3034.7055
,-17.0,50,3036.512392
,-18.0,50,3038.24669
,-13.0,50,3040.027392
,-8.0,50,3041.744066
,-25.0,50,3043.515774
,-21.0,50,3045.250242
,-11.0,50,3047.010566
,-27.0,50,3048.814532
,-18.0,50,3050.626801
,-21.0,50,3052.333871
,-16.0,50,3054.182103
,-6.0,50,3054.444537
,-11.0,50,3054.721869
,-9.0,50,3054.996412
,-9.0,50,3055.28994
,-15.0,50,3055.585463
,-13.0,50,3055.867222
,-10.0,50,3056.150373
,-7.0,50,3056.427639
,-11.0,50,3056.675278
,-29.0,50,3056.943125
,-10.0,50,3058.723261
,-22.0,50,3060.460572
,-11.0,50,3062.205422
,-23.0,50,3064.042052
,0.0,50,3065.734494
,-16.0,50,3067.46962
,-20.0,50,3069.252717
,-11.0,50,3071.07277
,-10.0,50,3072.847294
,-11.0,50,3074.611009
,-30.0,50,3076.382077
,-11.0,50,3078.120898
,-5.0,50,3079.932053
,-17.0,50,3081.636847
,-7.0,50,3083.385207
,-10.0,50,3085.170801
,0.0,50,3086.930488
,-29.0,50,3088.691298
,-36.0,50,3090.423442
,-43.0,50,3092.190407
,-10.0,50,3093.992991
,-28.0,50,3095.700543
,-21.0,50,3097.498261
,-19.0,50,3099.246798
,-13.0,50,3100.992206
,-18.0,50,3102.745356
,-27.0,50,3104.506602
,-13.0,50,3106.208067
,-19.0,50,3108.000884
,-13.0,50,3109.750663
,-12.0,50,3111.506173
,-17.0,50,3113.204047
,0.0,50,3114.990434
,-7.0,50,3116.7276
,-14.0,50,3118.480848
,0.0,50,3120.295615
,-19.0,50,3122.077347
,-16.0,50,3123.828124
,-7.0,50,3125.605807
,-18.0,50,3127.377334
,-20.0,50,3129.155621
,-15.0,50,3130.905115
,-27.0,50,3132.67299
,-10.0,50,3134.400561
,-12.0,50,3136.186357
,0.0,50,3137.93787
,-16.0,50,3139.682707
,-14.0,50,3141.445623
,-16.0,50,3143.250645
,-6.0,50,3145.011553
,-12.0,50,3145.269716
,-13.0,50,3145.560229
,-11.0,50,3145.836831
,-8.0,50,3146.08802
,-11.0,50,3146.362279
,-4.0,50,3146.644565
,-9.0,50,3146.923199
,-9.0,50,3147.212588
,-10.0,50,3147.47336
,-18.0,50,3147.793113
,-15.0,50,3149.543164
,-14.0,50,3151.299961
,-10.0,50,3153.049013
,-7.0,50,3154.853534
,-13.0,50,3156.587767
,-10.0,50,3158.335549
,-9.0,50,3160.073248
,-25.0,50,3161.897057
,-21.0,50,3163.642267
,-28.0,50,3165.416526
,-28.0,50,3167.123841
,-6.0,50,3168.959576
,-30.0,50,3170.707345
,-10.0,50,3172.440793
,-28.0,50,3174.20923
,-16.0,50,3175.950166
,-13.0,50,3177.70866
,-36.0,50,3179.525296
,-9.0,50,3181.264968
,-12.0,50,3183.028152
,-21.0,50,3184.774814
,-12.0,50,3186.525687
,0.0,50,3188.280896
,-18.0,50,3190.105425
,-13.0,50,3191.830326
,-15.0,50,3193.612075
,-21.0,50,3195.44763
,-44.0,50,3197.163922
,-13.0,50,3198.952546
,-23.0,50,3200.719751
,-12.0,50,3202.471267
,-31.0,50,3204.225578
,-16.0,50,3206.000083
,-11.0,50,3207.763988
,-16.0,50,3209.572689
,-13.0,50,3211.351225
,-11.0,50,3213.116744
,-11.0,50,3214.900851
,-15.0,50,3216.658565
,-7.0,50,3218.436204
,-23.0,50,3220.250268
,-15.0,50,3221.941714
,-11.0,50,3223.728906
,-21.0,50,3225.495139
,-6.0,50,3227.213912
,-17.0,50,3229.01055
,-18.0,50,3230.763018
,-23.0,50,3232.507048
,-17.0,50,3234.284313
,0.0,50,3236.099624
,-8.0,50,3236.381303
,-10.0,50,3236.654378
,-14.0,50,3236.922722
,0.0,50,3237.197191
,-6.0,50,3237.479805
,-10.0,50,3237.755775
,-7.0,50,3238.051108
,-6.0,50,3238.320694
,-7.0,50,3238.587758
,-23.0,50,3238.908814
,0.0,50,3240.639977
,-16.0,50,3242.458193
,-22.0,50,3244.217574
,-10.0,50,3245.921166
,-12.0,50,3247.733036
,-19.0,50,3249.493061
,-26.0,50,3251.217939
,-12.0,50,3252.951008
,-15.0,50,3254.719795
,-17.0,50,3256.481555
,-25.0,50,3258.258333
,-41.0,50,3260.012188
,-21.0,50,3261.820211
,-13.0,50,3263.543968
,-19.0,50,3265.309971
,-15.0,50,3267.152693
,-11.0,50,3268.886536
,0.0,50,3270.660476
,0.0,50,3272.428357
,-19.0,50,3274.260841
,-12.0,50,3276.019852
,-11.0,50,3277.744396
,-10.0,50,3279.515991
,-21.0,50,3281.302865
,-22.0,50,3283.0357
,-22.0,50,3284.804795
,-22.0,50,3286.598953
,-16.0,50,3288.395063
,-11.0,50,3290.106787
,-28.0,50,3291.910554
,-12.0,50,3293.716273
,-13.0,50,3295.470198
,-25.0,50,3297.213501
,-12.0,50,3298.922872
,-42.0,50,3300.747572
,-48.0,50,3302.53047
,-9.0,50,3304.266902
,-23.0,50,3306.096957
,-19.0,50,3307.802618
,-17.0,50,3309.589367
,0.0,50,3311.335169
,-29.0,50,3313.13095
,-12.0,50,3314.929385
,-9.0,50,3316.680559
,-17.0,50,3318.438953
,-25.0,50,3320.228089
,-7.0,50,3321.982471
,0.0,50,3323.700955
,-21.0,50,3325.505908
,-12.0,50,3327.325985
,-7.0,50,3327.628593
,-11.0,50,3327.875856
,-6.0,50,3328.170512
,-8.0,50,3328.432448
,-12.0,50,3328.721494
,-9.0,50,3329.004225
,-7.0,50,3329.298077
,-6.0,50,3329.588285
,-9.0,50,3329.834273
,-22.0,50,3330.10849
,-25.0,50,3331.87963
,0.0,50,3333.644527
,-23.0,50,3335.43507
,-20.0,50,3337.19093
,0.0,50,3338.918061
,-17.0,50,3340.667661
,-12.0,50,3342.484564
,-11.0,50,3344.296385
,-8.0,50,3346.05698
,-16.0,50,3347.821266
,0.0,50,3349.604421
,-9.0,50,3351.346884
,-25.0,50,3353.096771
,-23.0,50,3354.868838
,-24.0,50,3356.642821
,-21.0,50,3358.407983
,-20.0,50,3360.201342
,-27.0,50,3361.981969
,-21.0,50,3363.705197
,-17.0,50,3365.488187
,-28.0,50,3367.293948
,-16.0,50,3369.044282
,-23.0,50,3370.854903
,-10.0,50,3372.596232
,-11.0,50,3374.368066
,-20.0,50,3376.146118
,-6.0,50,3377.945949
,0.0,50,3379.68422
,-12.0,50,3381.433129
,-23.0,50,3383.18749
,-4.0,50,3384.990369
,-38.0,50,3386.777871
,-25.0,50,3388.513415
,-29.0,50,3390.268514
,-22.0,50,3392.100831
,0.0,50,3393.899025
,-15.0,50,3395.668142
,-9.0,50,3397.414431
,-16.0,50,3399.209024
,-18.0,50,3400.956486
,-40.0,50,3402.782325
,-14.0,50,3404.531112
,-33.0,50,3406.351664
,-38.0,50,3408.075292
,-9.0,50,3409.884099
,-35.0,50,3411.678045
,-17.0,50,3413.450938
,-10.0,50,3415.271039
,-16.0,50,3417.031756
,-8.0,50,3418.784163
,-7.0,50,3419.06516
,-10.0,50,3419.32223
,-11.0,50,3419.612944
,-11.0,50,3419.867658
,-8.0,50,3420.144985
,-12.0,50,3420.45014
,-12.0,50,3420.723561
,-7.0,50,3421.031274
,0.0,50,3421.300953
,-10.0,50,3421.587548
,-13.0,50,3423.313761
,-8.0,50,3425.175567
,-7.0,50,3426.913563
,-15.0,50,3428.649547
,-20.0,50,3430.458673
,-19.0,50,3432.207721
,-15.0,50,3433.929074
,-7.0,50,3435.716001
,-16.0,50,3437.472716
,-36.0,50,3439.284107
,-14.0,50,3441.041393
,-19.0,50,3442.799008
,-20.0,50,3444.582772
,-20.0,50,3446.398854
,-26.0,50,3448.149727
,-28.0,50,3449.920125
,0.0,50,3451.683435
,-14.0,50,3453.505398
,0.0,50,3455.281356
,-18.0,50,3457.038626
,0.0,50,3458.856449
,-18.0,50,3460.646715
,-17.0,50,3462.429805
,-38.0,50,3464.20712
,-19.0,50,3465.937165
,-30.0,50,3467.7398
,-16.0,50,3469.524249
,-26.0,50,3471.308443
,-17.0,50,3473.063682
,-24.0,50,3474.833064
,-20.0,50,3476.650498
,-19.0,50,3478.435035
,0.0,50,3480.162607
,-17.0,50,3481.929125
,-11.0,50,3483.720072
,0.0,50,3485.487201
,-13.0,50,3487.300033
,-13.0,50,3489.097101
,-18.0,50,3490.804517
,-18.0,50,3492.618309
,-14.0,50,3494.404115
,-30.0,50,3496.141259
,-8.0,50,3497.967904
,-8.0,50,3499.744548
,-16.0,50,3501.432866
,-21.0,50,3503.295885
,-16.0,50,3505.012675
,-16.0,50,3506.796202
,0.0,50,3508.548773
,-5.0,50,3510.352134
,-10.0,50,3510.627972
,-12.0,50,3510.914968
,-11.0,50,3511.203655
,-8.0,50,3511.468138
,-13.0,50,3511.748917
,-9.0,50,3512.027374
,-8.0,50,3512.326942
,-5.0,50,3512.617015
,-5.0,50,3512.900352
,-12.0,50,3513.182297
,-18.0,50,3514.937614
,-11.0,50,3516.738252
,-46.0,50,3518.526292
,-48.0,50,3520.317769
,-10.0,50,3522.08251
,-9.0,50,3523.839266
,-17.0,50,3525.613548
,-14.0,50,3527.462087
,-11.0,50,3529.196884
,-11.0,50,3530.971332
,-11.0,50,3532.715451
,-12.0,50,3534.551657
,-6.0,50,3536.280846
,-19.0,50,3538.06506
,-13.0,50,3539.870116
,-10.0,50,3541.661405
,-15.0,50,3543.446621
,-14.0,50,3545.239694
,-50.0,50,3546.957814
,-6.0,50,3548.794874
,-33.0,50,3550.588765
,-14.0,50,3552.359473
,-24.0,50,3554.126933
,-16.0,50,3555.850798
,-14.0,50,3557.623206
,-2.0,50,3559.46495
,-13.0,50,3561.220017
,-21.0,50,3563.021262
,-14.0,50,3564.737824
,-6.0,50,3566.546163
,-13.0,50,3568.309621
,-14.0,50,3570.079448
,0.0,50,3571.91396
,-31.0,50,3573.707087
,-1.0,50,3575.440166
,-9.0,50,3577.250634
,-21.0,50,3578.993426
,-18.0,50,3580.804049
,0.0,50,3582.603745
,-30.0,50,3584.353637
,-21.0,50,3586.110688
,-16.0,50,3587.885508
,-31.0,50,3589.670996
,0.0,50,3591.441635
,-24.0,50,3593.240803
,-13.0,50,3594.972155
,-13.0,50,3596.770003
,-24.0,50,3598.524088
,-16.0,50,3600.293203
,-7.0,50,3602.13074
,0.0,50,3602.38782
,-5.0,50,3602.677884
,-5.0,50,3602.963458
,-14.0,50,3603.243306
,-6.0,50,3603.533937
,-12.0,50,3603.819579
,-4.0,50,3604.084507
,-9.0,50,3604.349725
,-10.0,50,3604.610259
,-15.0,50,3604.965291
,-15.0,50,3606.769408
,-14.0,50,3608.5832
,-12.0,50,3610.358394
,-17.0,50,3612.089225
,-20.0,50,3613.825868
,-19.0,50,3615.710278
,0.0,50,3617.435181
,-26.0,50,3619.254399
,-18.0,50,3621.004917
,0.0,50,3622.815278
,-18.0,50,3624.635637
,-13.0,50,3626.413511
,-23.0,50,3628.156127
,-9.0,50,3629.931104
,-26.0,50,3631.712688
